Base Multinomial Naive Bayes, (Default Parameters): Emotions:

[[ 938    6    2   19   33    2    0    5    0    1    8    3    0    1
     0   41    0   16   46    0  942   10    0    1    0    0    0   14]
 [  41  356    4    7   10    0    0    3    0    0    4    2    0    1
     0   12    0   20    7    0  770    2    0    5    0    0    2    4]
 [  12    7  120   73    9    4    0    4    0    3   20    6    0    1
     0    2    0    1    3    0  759    1    0    1    0    0    1    2]
 [  21   20   40  100   36    7    5   10    0    6   42    6    1    0
     1   14    0    2    4    0 1326    2    0    3    0    0    7   10]
 [ 113   15    4   24  208   11    7    6    2    4   27    3    0    5
     1   11    0    6   17    0 1815   17    0    9    1    1    8    2]
 [  17    2    1    9    7   43    1    3    0    1    9    1    0    0
     0   16    0    4    7    0  571   19    0    0    0    1    1    0]
 [   6    5    1   14   18    0   63   29    0    2   21    0    0    1
     0    5    0    0    0    0  836    0    0    2    0    0    0    1]
 [  18    3    4    7   10    3   20  110    0    1    6    0    0    2
     0    8    0    4    2    0  993    1    0    3    0    0    1    4]
 [  10    5    0    2   12    1    2    0   17    0    1    0    0    1
     0    1    0    5    4    0  360   13    0    0    0    0    1    1]
 [  17    5    2   29   20    1    1    3    0   27   13    3    0    1
     0    4    0    3    4    0  759    3    0    4    0    2   11    4]
 [  24   17    9   39   45    4   12    6    0    5  127    3    1    0
     4   12    0    3    4    0 1213    4    0    5    0    0    5    0]
 [   8    2   15   30   15    0    2    1    1    3    9   39    1    0
     1    2    0    0    0    0  418    0    0    1    0    0    3    2]
 [   5    2    3   11    8    0    1    1    0    0    6    2    2    0
     0    2    0    1    0    0  234    1    0    2    0    0    1    4]
 [  69    9    2    8   10    1    0    8    1    2    3    1    0   20
     0   12    0   27    9    0  431    7    0    1    0    0    3    8]
 [   8    7    1    4    9    2    2    2    0    1    6    2    0    1
    14    0    0    0    0    0  271    3    0    1    0    0    2    2]
 [  56    2    0    1   20    3    1    2    1    1    1    0    0    0
     0  921    0   21    2    0  334   16    0    0    0    0    1    0]
 [   1    1    0    0    2    1    0    1    0    1    0    0    0    1
     0    1    0    0    0    0   64    0    0    0    0    0    5    0]
 [  86   59    3    6   18    3    0    1    0    1    2    0    0    3
     0   30    0  104   33    0  519    5    0    0    0    0    1    0]
 [  81    7    1    1   14    0    0    0    0    1    4    0    0    0
     0    6    0   11  350    0  512    0    0    0    0    0    0    0]
 [   1    0    0    4    6    1    0    0    0    2    2    0    0    0
     0    1    0    2    0    1  138    1    0    0    0    0    0    1]
 [ 292  106   96  144  277   34   43   87    6   42  166   32    3   25
     8   87    0   55   55    0 9286   51    0   52    0    1   26   30]
 [  38    4    1    4   18   10    0    4    1    2    6    0    0    0
     0    8    0    3    2    0  706  120    0    1    0    0    0    0]
 [  18    1    1    0    6    2    0    1    0    0    1    0    0    0
     0    4    0    1    1    0   95    0    0    0    0    0    0    0]
 [  12    7    2   14   22    0    6    4    0    4   14    1    0    1
     0    7    0    5    2    0  810    6    0   30    0    0    0   10]
 [  11    0    0    0    3    1    2    0    0    1    2    0    0    1
     0   16    0    2    0    0  119    1    0    0    0    0    0    0]
 [   2    1    1    1    4    1    1    0    0    0    5    0    0    0
     0   18    0    0    2    0  229    1    0    0    0   19   18    0]
 [   3    3    3   16    6    1    1    2    1   17   12    3    0    0
     0    9    0    4    1    0  605    3    0    2    0    4   69    1]
 [  39    7    6    9    4    5    2    7    0    6    3    0    0    5
     1    7    0    2    1    0  501    2    0    3    0    0    1   55]]

                precision    recall  f1-score   support

    admiration       0.48      0.45      0.46      2088
     amusement       0.54      0.28      0.37      1250
         anger       0.37      0.12      0.18      1029
     annoyance       0.17      0.06      0.09      1663
      approval       0.24      0.09      0.13      2317
        caring       0.30      0.06      0.10       713
     confusion       0.37      0.06      0.11      1004
     curiosity       0.37      0.09      0.15      1200
        desire       0.57      0.04      0.07       436
disappointment       0.20      0.03      0.05       916
   disapproval       0.24      0.08      0.12      1542
       disgust       0.36      0.07      0.12       553
 embarrassment       0.25      0.01      0.01       286
    excitement       0.29      0.03      0.06       632
          fear       0.47      0.04      0.08       338
     gratitude       0.73      0.67      0.70      1383
         grief       0.00      0.00      0.00        78
           joy       0.34      0.12      0.18       874
          love       0.63      0.35      0.45       988
   nervousness       1.00      0.01      0.01       160
       neutral       0.36      0.84      0.51     11004
      optimism       0.42      0.13      0.20       928
         pride       0.00      0.00      0.00       131
   realization       0.24      0.03      0.06       957
        relief       0.00      0.00      0.00       159
       remorse       0.68      0.06      0.11       303
       sadness       0.41      0.09      0.15       766
      surprise       0.35      0.08      0.13       666

      accuracy                           0.38     34364
     macro avg       0.37      0.14      0.16     34364
  weighted avg       0.37      0.38      0.30     34364



Base Multinomial Naive Bayes, (Default Parameters): Sentiment:

[[ 849  627 1471  886]
 [ 320 4006 2176 1195]
 [ 661 2065 5357 2956]
 [ 314  998 2234 8249]]

              precision    recall  f1-score   support

   ambiguous       0.40      0.22      0.28      3833
    negative       0.52      0.52      0.52      7697
     neutral       0.48      0.49      0.48     11039
    positive       0.62      0.70      0.66     11795

    accuracy                           0.54     34364
   macro avg       0.50      0.48      0.49     34364
weighted avg       0.53      0.54      0.53     34364



Top Multinomial Naive Bayes, ({'alpha': 0.5}): Emotions:

[[1052   13    5   30   45   13    2   15    5    5    9    3    0   10
     1   67    0   35   67    0  660   20    1    4    0    0    2   24]
 [  47  548    8   22   16    3    4    9    0    2   13    3    1    4
     0   14    0   38    9    0  489    3    0    7    0    0    3    7]
 [  25   10  205   97   18    7    1    6    0    6   29   12    0    4
     0    2    0    4    5    0  580    2    0    5    0    0    6    5]
 [  36   33   88  191   43   23   15   21    1   16   67   12    7    3
     3   21    0    4   10    1 1014   10    0    9    0    1   19   15]
 [ 126   32   13   43  300   27   17   23    6   13   63   11    0    7
     3   24    0   22   29    0 1468   31    0   31    1    4   14    9]
 [  19    4    3   15   17  109    1    4    3    2   11    1    1    1
     0   28    0    5   11    0  427   37    0    2    2    2    7    1]
 [   7   11   13   24   30    2  128   67    0    3   35    2    0    2
     1    6    0    1    2    0  651    2    0    7    0    1    2    7]
 [  22    9    8   20   19    7   40  212    1    4   11    0    0    4
     1   13    0    6    8    0  788    8    0    4    0    0    3   12]
 [  15    7    1    7   18    5    3    2   44    3    3    0    0    1
     0    3    0    7    5    0  282   25    0    1    0    0    2    2]
 [  26   11   12   47   30    9   13    5    1   67   21    5    2    2
     1    7    0    5    5    0  576    9    0   15    0    3   32   12]
 [  34   29   20   60   55    8   27   11    1   20  217   13    2    1
     5   15    0    5    5    0  974    9    0   13    0    0   15    3]
 [  13    3   27   47   18    0    7    4    2    6   20   76    3    0
     7    2    1    1    3    0  300    2    0    2    0    0    6    3]
 [   8    6    5   19    8    1   10    1    0    4    5    7   11    0
     1    2    0    1    3    0  178    3    0    3    0    1    5    4]
 [  76    9    3   11   18    0    2   19    6    0    4    1    0   53
     0   17    0   34   17    0  324   14    0    5    0    0    2   17]
 [   8    5    4   11   13    2    4    4    0    5   12    6    1    1
    47    0    0    1    0    0  199    4    0    2    0    0    7    2]
 [  60    3    2    2   19    6    3    3    1    1    2    0    0    0
     0 1025    0   35    3    0  178   24    0    5    0    2    8    1]
 [   1    1    1    0    1    1    1    1    0    1    0    0    0    1
     1    2    0    1    0    1   53    0    0    1    0    0   10    0]
 [ 101   81    5    6   20    8    1    4    2    3    5    1    0   13
     0   38    0  154   52    0  367    8    0    2    0    0    2    1]
 [  95   10    4    7   21    3    0    2    1    2    3    0    0    0
     0   10    0   19  475    0  332    2    0    2    0    0    0    0]
 [   2    1    0   11    6    5    2    0    0    2    4    0    0    2
     4    2    0    1    1    1  109    2    0    0    0    0    3    2]
 [ 406  169  163  263  410  112  137  179   21   94  322   54   12   54
    33  114    0   81   93    1 7900   98    4  127    2    9   72   74]
 [  46    8    2   10   38   23    4    9    9    5   18    1    0    3
     1   14    0    6    6    0  492  221    0    5    0    1    3    3]
 [  21    1    1    1   11    3    0    2    0    1    2    0    0    1
     0    6    0    5    1    0   71    0    3    0    0    0    1    0]
 [  20   11    8   29   32    8   13    8    1    7   39    2    2    2
     1    6    0    8    6    0  640   11    0   73    0    3    9   18]
 [  12    0    3    1    8    3    1    0    0    1    2    1    0    1
     0   18    0    9    0    0   92    4    0    1    1    1    0    0]
 [   3    1    2    3    7    4    1    0    0    3    9    1    0    0
     0   17    0    0    2    0  160    2    0    3    0   52   33    0]
 [   5    8    3   19   17    6    3    4    1   38   19    4    0    1
     1   11    0    7    2    0  456    5    0    4    0   14  136    2]
 [  48   12   13   14    9    5   10   18    0    8    8    3    0   12
     3    9    0    3    4    0  351    3    0   11    0    0    5  117]]

                precision    recall  f1-score   support

    admiration       0.45      0.50      0.48      2088
     amusement       0.53      0.44      0.48      1250
         anger       0.33      0.20      0.25      1029
     annoyance       0.19      0.11      0.14      1663
      approval       0.24      0.13      0.17      2317
        caring       0.27      0.15      0.20       713
     confusion       0.28      0.13      0.18      1004
     curiosity       0.33      0.18      0.23      1200
        desire       0.42      0.10      0.16       436
disappointment       0.21      0.07      0.11       916
   disapproval       0.23      0.14      0.17      1542
       disgust       0.35      0.14      0.20       553
 embarrassment       0.26      0.04      0.07       286
    excitement       0.29      0.08      0.13       632
          fear       0.41      0.14      0.21       338
     gratitude       0.69      0.74      0.71      1383
         grief       0.00      0.00      0.00        78
           joy       0.31      0.18      0.22       874
          love       0.58      0.48      0.52       988
   nervousness       0.25      0.01      0.01       160
       neutral       0.39      0.72      0.51     11004
      optimism       0.40      0.24      0.30       928
         pride       0.38      0.02      0.04       131
   realization       0.21      0.08      0.11       957
        relief       0.17      0.01      0.01       159
       remorse       0.55      0.17      0.26       303
       sadness       0.33      0.18      0.23       766
      surprise       0.34      0.18      0.23       666

      accuracy                           0.39     34364
     macro avg       0.34      0.20      0.23     34364
  weighted avg       0.36      0.39      0.35     34364



Top Multinomial Naive Bayes, ({'alpha': 0.5}): Sentiment:

[[1084  630 1299  820]
 [ 430 4079 2033 1155]
 [ 866 2159 5145 2869]
 [ 430 1066 2165 8134]]

              precision    recall  f1-score   support

   ambiguous       0.39      0.28      0.33      3833
    negative       0.51      0.53      0.52      7697
     neutral       0.48      0.47      0.47     11039
    positive       0.63      0.69      0.66     11795

    accuracy                           0.54     34364
   macro avg       0.50      0.49      0.49     34364
weighted avg       0.53      0.54      0.53     34364



Base Decision Tree, (Default Parameters): Emotions:

[[1188   32   15   50  120   24   14   21   15   10   13    7    2   36
     3   67    1   50   83    0  265   29    9   11    5    1    5   12]
 [  60  714   17   46   39    4   11    8    4   10   18    8    6   13
     4    9    1   67   10    1  164    5    0   12    2    5    5    7]
 [  24   25  362  152   34   14   20   21    3   25   52   35    7    5
     5    3    3    3    5    0  198    3    1    6    0    1   12   10]
 [  49   62  211  395  106   33   47   50    6   66  109   39   13    4
    15   17    1    9   11    8  350    7    2    8    4    3   25   13]
 [ 222   48   50  148  613   70   47   40   35   55   77   16   12   28
     8   19    2   49   46    5  631   27    1   27    9    6   13   13]
 [  30   15   18   39   69  183    7    8   14   17   22    2    5    7
     5   14    2   17   17    4  172   21    0    2    6    5    9    3]
 [  23   24   24   60   57   11  263  136    2   13   34    3   10    6
     6    4    3    0    4    1  285    5    0   19    0    2    1    8]
 [  40   14   27   79   32   22  164  434   12   12   22    4    3   13
     6    5    0    8    9    0  254    7    2    5    1    1    4   20]
 [  20   12    7   25   46   12    6    7  134    7    8    2    0    6
     1    8    0   12    8    2   83   23    0    4    0    1    2    0]
 [  27   18   50  120   63   19   29    7    9  165   55   18   13    8
     7    2    3    8    5    6  212    2    2   11    1   10   35   11]
 [  34   49   92  187  111   29   43   22    8   63  378   23   15   10
    12    7    1    9    6    4  386    6    0   16    1    4   16   10]
 [  14   12   63   92   31    2   13    5    3   25   34  111    8    1
    14    0    1    1    2    0  103    4    0    5    0    5    4    0]
 [   6   14   18   32   20    3   11    5    3   14   13   11   43    3
     3    0    1    2    5    1   56    3    1    3    0    8    3    4]
 [  82   32   11   29   49    6    9   29   16    6    8    3    0  137
     2    9    0   29   19    0  118   10    0    6    1    0    1   20]
 [   9    7   13   28   18    8    4    5    2   12   13   16    3    2
   120    1    2    1    0    4   56    1    1    6    1    1    4    0]
 [  94    8    6   18   33   23    6    9    7    7    2    3    2   11
     0 1009    0   32    7    0   57   21    2    2    5   14    2    3]
 [   2    2    5    4    2    2    1    1    1    3    2    0    0    0
     2    3    8    1    0    1   24    2    0    1    0    2    9    0]
 [ 118  114   11   16   50   14    6    9    9   10    9    3    2   46
     0   25    0  202   60    1  131   12    7    7    3    0    1    8]
 [ 141   24    6   17   57   18    7   11   18    9    5    4    2   17
     0    8    0   50  502    0   85    1    0    2    0    1    2    1]
 [   2    3    5   18   12    7    5    5    3   18    6    1    1    2
    12    1    0    2    0   12   34    1    1    1    0    1    6    1]
 [ 590  347  408  732 1056  233  433  415  124  307  526  114   56  149
    63   86   16  142  113   39 4672  107   10  111   12   16   59   68]
 [  74   20   20   56  102   57   15   13   43   23   21    3    6   12
     2   22    0   20   13    0  199  196    3    2    0    2    2    2]
 [  19    7    3    3   14    5    3    2    1    4    3    2    1    2
     0    3    1    6    1    0   39    3    8    1    0    0    0    0]
 [  36   38   32   93  121   18   36   21   10   42   45    7    7    8
     7    5    1    9    7    3  295    8    0   74    0    6   10   18]
 [  11    1    3    6   21    9    4    3    1    3    1    1    1    0
     0   18    1   14    2    0   41    4    0    2   10    0    1    1]
 [   1    2    5   19   12    8    4    7    3   25   12    2    9    0
     0   22    3    1    0    1   42    7    0    3    0   86   29    0]
 [   8    8   20   67   36   19   14    9    5  109   43   14    8    5
    16    5    8    4    4    5  170    0    2   10    0   22  155    0]
 [  53   23   22   51   27    7   28   41    2   24   23    5    6   27
     7    3    4    6    5    2  129   10    1   15    0    1    5  139]]

                precision    recall  f1-score   support

    admiration       0.40      0.57      0.47      2088
     amusement       0.43      0.57      0.49      1250
         anger       0.24      0.35      0.28      1029
     annoyance       0.15      0.24      0.19      1663
      approval       0.21      0.26      0.23      2317
        caring       0.21      0.26      0.23       713
     confusion       0.21      0.26      0.23      1004
     curiosity       0.32      0.36      0.34      1200
        desire       0.27      0.31      0.29       436
disappointment       0.15      0.18      0.17       916
   disapproval       0.24      0.25      0.24      1542
       disgust       0.24      0.20      0.22       553
 embarrassment       0.18      0.15      0.16       286
    excitement       0.25      0.22      0.23       632
          fear       0.38      0.36      0.36       338
     gratitude       0.73      0.73      0.73      1383
         grief       0.13      0.10      0.11        78
           joy       0.27      0.23      0.25       874
          love       0.53      0.51      0.52       988
   nervousness       0.12      0.07      0.09       160
       neutral       0.51      0.42      0.46     11004
      optimism       0.37      0.21      0.27       928
         pride       0.15      0.06      0.09       131
   realization       0.20      0.08      0.11       957
        relief       0.16      0.06      0.09       159
       remorse       0.42      0.28      0.34       303
       sadness       0.37      0.20      0.26       766
      surprise       0.37      0.21      0.27       666

      accuracy                           0.36     34364
     macro avg       0.29      0.28      0.28     34364
  weighted avg       0.37      0.36      0.36     34364



Base Decision Tree, (Default Parameters): Sentiments:

[[1809  640  929  455]
 [ 834 4573 1593  697]
 [1612 2540 5173 1714]
 [ 899 1368 2600 6928]]

              precision    recall  f1-score   support

   ambiguous       0.35      0.47      0.40      3833
    negative       0.50      0.59      0.54      7697
     neutral       0.50      0.47      0.48     11039
    positive       0.71      0.59      0.64     11795

    accuracy                           0.54     34364
   macro avg       0.52      0.53      0.52     34364
weighted avg       0.56      0.54      0.54     34364



Top Decision Tree, (Hyper-Parameters: {'criterion': 'gini', 'max_depth': 10, 'min_samples_split': 6}): Emotions:

[[  628    11     0     1     1     0     0     0     0     0     1     0
      0     0     0    22     0     0    70     0  1335    17     0     0
      0     2     0     0]
 [   30   405     0     0     0     0     0     0     0     0     0     0
      0     0     0     6     0     2    14     0   779     7     0     1
      0     6     0     0]
 [   24     6     0     0     0     0     0     0     0     0     0     0
      0     0     0     3     0     0     9     0   982     1     0     0
      0     4     0     0]
 [   39    17     0     1     1     0     0     0     0     0     0     0
      0     0     0    13     0     0    14     0  1561     8     0     0
      0     9     0     0]
 [  127    19     0     1     0     0     0     0     0     0     0     0
      0     0     0     5     0     0    36     0  2102    19     0     0
      0     8     0     0]
 [   18     2     0     0     0     1     0     0     0     1     0     0
      0     0     0     3     0     0    20     0   627    30     0     0
      0    11     0     0]
 [   17    14     0     0     0     0     1     0     0     0     0     0
      0     0     0     1     0     0     7     0   962     0     0     0
      0     2     0     0]
 [   22     8     0     0     0     0     1     0     0     0     0     0
      0     0     0     5     0     0    10     0  1143     7     0     0
      0     4     0     0]
 [   10     2     0     0     0     0     0     0     0     0     0     0
      0     0     0     3     0     0    10     0   390    20     0     0
      0     1     0     0]
 [   29     6     0     1     0     0     0     0     0     1     1     0
      0     0     0     1     0     0     5     0   860     3     0     0
      0     9     0     0]
 [   45    21     0     0     0     0     0     0     0     0     3     0
      0     0     0     5     0     0     8     0  1441     7     0     0
      0    12     0     0]
 [    5     2     0     0     0     0     0     0     0     0     0     0
      0     0     0     0     0     0     3     0   537     4     0     0
      0     2     0     0]
 [    3     3     0     0     0     0     0     0     0     0     0     0
      0     0     0     0     0     0     6     0   266     0     0     0
      0     8     0     0]
 [   50     8     0     1     0     0     0     0     1     0     0     0
      0     0     0     0     0     1    20     0   548     3     0     0
      0     0     0     0]
 [    2     3     0     0     0     0     0     0     0     1     0     0
      0     0     0     1     0     0     1     0   329     1     0     0
      0     0     0     0]
 [   47     5     1     2     1     2     0     0     1     1     1     1
      0     0     0   990     0     1     5     0   270    27     0     1
      1    25     1     0]
 [    4     1     0     0     0     0     0     0     0     0     0     0
      0     0     0     1     0     0     0     0    68     1     0     0
      0     3     0     0]
 [   66    19     0     0     0     0     0     0     0     0     1     0
      0     0     0     4     0     0    55     0   722     6     0     0
      0     1     0     0]
 [   25    13     0     2     1     0     0     0     0     0     2     0
      0     0     0     3     0     0   562     0   374     4     0     0
      0     2     0     0]
 [    1     0     0     0     0     0     0     0     0     0     0     0
      0     0     0     1     0     0     1     0   154     1     0     0
      0     2     0     0]
 [  260   115     0     4     0     0     0     0     0     0     3     0
      1     0     0    37     0     1   117     0 10372    60     0     0
      0    34     0     0]
 [   53     7     0     2     0     0     0     0     0     0     0     0
      0     0     0     4     0     0    14     0   626   218     0     0
      0     4     0     0]
 [   14     3     0     0     0     0     0     0     0     0     0     0
      0     0     0     0     0     1     0     0   113     0     0     0
      0     0     0     0]
 [   15     8     0     0     0     0     1     0     0     1     0     0
      0     0     0     2     0     0    12     0   908     3     0     0
      0     7     0     0]
 [   12     0     0     0     0     0     0     0     0     0     0     0
      0     0     0    10     0     0     1     0   135     1     0     0
      0     0     0     0]
 [    2     2     0     0     0     0     0     0     0     0     0     0
      0     0     0     1     0     0     1     0   136     2     0     0
      0   157     2     0]
 [   15     5     0     0     0     0     0     0     0     0     0     0
      0     0     0     0     0     0     5     0   674     8     0     0
      0    59     0     0]
 [   18     5     0     1     0     0     0     0     0     0     0     0
      0     0     0     1     0     0     2     0   634     3     0     0
      0     2     0     0]]

                precision    recall  f1-score   support

    admiration       0.40      0.30      0.34      2088
     amusement       0.57      0.32      0.41      1250
         anger       0.00      0.00      0.00      1029
     annoyance       0.06      0.00      0.00      1663
      approval       0.00      0.00      0.00      2317
        caring       0.33      0.00      0.00       713
     confusion       0.33      0.00      0.00      1004
     curiosity       0.00      0.00      0.00      1200
        desire       0.00      0.00      0.00       436
disappointment       0.20      0.00      0.00       916
   disapproval       0.25      0.00      0.00      1542
       disgust       0.00      0.00      0.00       553
 embarrassment       0.00      0.00      0.00       286
    excitement       0.00      0.00      0.00       632
          fear       0.00      0.00      0.00       338
     gratitude       0.88      0.72      0.79      1383
         grief       0.00      0.00      0.00        78
           joy       0.00      0.00      0.00       874
          love       0.56      0.57      0.56       988
   nervousness       0.00      0.00      0.00       160
       neutral       0.36      0.94      0.52     11004
      optimism       0.47      0.23      0.31       928
         pride       0.00      0.00      0.00       131
   realization       0.00      0.00      0.00       957
        relief       0.00      0.00      0.00       159
       remorse       0.42      0.52      0.46       303
       sadness       0.00      0.00      0.00       766
      surprise       0.00      0.00      0.00       666

      accuracy                           0.39     34364
     macro avg       0.17      0.13      0.12     34364
  weighted avg       0.26      0.39      0.26     34364



Top Decision Tree, (Hyper-Parameters: {'criterion': 'gini', 'max_depth': 10, 'min_samples_split': 2}): Sentiments:

[[    6    13  3641   173]
 [    4   304  7027   362]
 [    2    48 10399   590]
 [    8    80  7677  4030]]

              precision    recall  f1-score   support

   ambiguous       0.30      0.00      0.00      3833
    negative       0.68      0.04      0.07      7697
     neutral       0.36      0.94      0.52     11039
    positive       0.78      0.34      0.48     11795

    accuracy                           0.43     34364
   macro avg       0.53      0.33      0.27     34364
weighted avg       0.57      0.43      0.35     34364



Base Multi-Layered Perceptron (Default Parameters): Emotions:

[[1007   21   11    4   13    3    1    7    4    0    7    5    0    0
     1   41    0   45   81    0  773   20    0    2    0    1    2   39]
 [  34  769   10    3    1    0    1    0    1    0    4    1    2    1
     1    7    0   30   10    0  352    4    0    2    0    1    3   13]
 [  16   17  230   44    3    3    3    7    0    4   17   13    0    0
     2    3    0    3    7    0  645    1    0    1    0    2    6    2]
 [  24   38   82   78   15    4    6   14    2    2   36   15    0    0
     9   17    0    7   10    0 1252    7    0    2    0    7   22   14]
 [ 126   34    9   16  128    8    4    6    6    0   32    5    0    1
     2   12    0   28   47    0 1790   25    0    8    0    7   11   12]
 [  15   11    4    4    6   28    2    2    4    1   10    2    0    0
     6   13    0   14   18    0  515   37    0    0    0    8   11    2]
 [   6   20    8    4    7    0   77   29    0    0   22    2    0    1
     2    4    0    4    5    0  798    0    0    2    0    2    4    7]
 [  17   15   10    4    2    2   11  130    2    0    2    0    1    2
     1    6    0   12    8    0  938    7    0    1    0    3    4   22]
 [   7    7    0    1    8    1    0    1   86    0    1    1    0    2
     0    5    0    6   10    0  282   16    0    0    0    0    2    0]
 [  15   14   13   13    8    2    3    2    5   12   16   13    2    1
     3    2    0    2    6    0  728    2    0    2    0    9   35    8]
 [  26   35   25   21   15    2   14    5    4    4  107    5    2    0
     7   11    0    6    7    0 1212    7    0    2    0   12    7    6]
 [   3    5   32   14    1    0    1    0    2    2   11   87    1    0
     8    0    0    0    3    0  374    3    0    0    0    0    6    0]
 [   2    5    7    7    4    1    3    1    0    2    5    8   14    0
     0    1    0    0    6    0  203    1    0    1    0    8    3    4]
 [  73   17    7    1    6    1    0    9    3    0    0    0    0   42
     2    8    0   41   20    0  366    7    0    0    0    0    1   28]
 [   2    4    3    5    2    0    0    0    0    0    4    8    0    0
    97    0    0    0    2    0  205    2    0    1    0    0    2    1]
 [  68    6    0    0    3    2    1    0    3    0    3    0    0    1
     0 1069    0   55    9    0  121   17    0    0    0   17    6    2]
 [   2    2    0    0    0    0    0    0    0    1    4    0    0    0
     2    1    0    2    0    0   59    0    0    0    0    2    3    0]
 [  73  103    5    2    6    0    1    1    4    0    1    0    0    0
     0   16    0  249   60    0  339    7    0    0    0    1    2    4]
 [  49   18    1    1    4    0    0    0    1    0    4    0    0    0
     0    3    0   16  599    0  285    2    0    0    0    2    3    0]
 [   1    1    0    1    2    1    3    1    0    0    2    1    0    1
     6    1    0    1    0    0  130    1    0    0    0    1    6    0]
 [ 259  221  126   63   70   28   32   64   32   13  151   29    5    7
    23   63    0   80  122    0 9360   77    0   19    0   32   67   61]
 [  45   15    1    2   11   10    3    2   21    4    8    0    0    1
     0    9    0   22   14    0  495  256    0    0    0    4    2    3]
 [  27    2    1    1    1    0    0    0    1    1    1    0    0    0
     0    4    0    6    0    0   85    1    0    0    0    0    0    0]
 [  17   18    8    7    5    4    6    5    0    1   13    2    1    0
     4    3    0    9    8    0  782    6    0   25    0    5    8   20]
 [  10    0    1    0    0    0    1    0    0    0    1    0    0    1
     0   16    0   17    1    0  109    1    0    0    0    0    1    0]
 [   3    4    2    2    0    4    1    0    3    0    2    0    0    0
     1    2    0    0    1    0  117    3    0    0    0  136   22    0]
 [   4    7    6    6    5    2    0    1    4    3   11    5    0    0
     4    1    0    7    3    0  460    8    0    3    0   48  174    4]
 [  33    9    9    1    1    0    1   18    1    1    2    1    0    3
     2    7    0    2    6    0  403    2    0    1    0    2    3  158]]

                precision    recall  f1-score   support

    admiration       0.51      0.48      0.50      2088
     amusement       0.54      0.62      0.58      1250
         anger       0.38      0.22      0.28      1029
     annoyance       0.26      0.05      0.08      1663
      approval       0.39      0.06      0.10      2317
        caring       0.26      0.04      0.07       713
     confusion       0.44      0.08      0.13      1004
     curiosity       0.43      0.11      0.17      1200
        desire       0.46      0.20      0.28       436
disappointment       0.24      0.01      0.02       916
   disapproval       0.22      0.07      0.11      1542
       disgust       0.43      0.16      0.23       553
 embarrassment       0.50      0.05      0.09       286
    excitement       0.66      0.07      0.12       632
          fear       0.53      0.29      0.37       338
     gratitude       0.81      0.77      0.79      1383
         grief       0.00      0.00      0.00        78
           joy       0.38      0.28      0.32       874
          love       0.56      0.61      0.58       988
   nervousness       0.00      0.00      0.00       160
       neutral       0.40      0.85      0.55     11004
      optimism       0.49      0.28      0.35       928
         pride       0.00      0.00      0.00       131
   realization       0.35      0.03      0.05       957
        relief       0.00      0.00      0.00       159
       remorse       0.44      0.45      0.44       303
       sadness       0.42      0.23      0.29       766
      surprise       0.39      0.24      0.29       666

      accuracy                           0.43     34364
     macro avg       0.37      0.22      0.24     34364
  weighted avg       0.42      0.43      0.36     34364



Base Multi-Layered Perceptron, (Default Parameters): Sentiments:

[[ 889  514 1722  708]
 [ 302 3984 2386 1025]
 [ 593 1775 6239 2432]
 [ 277  903 2447 8168]]

              precision    recall  f1-score   support

   ambiguous       0.43      0.23      0.30      3833
    negative       0.56      0.52      0.54      7697
     neutral       0.49      0.57      0.52     11039
    positive       0.66      0.69      0.68     11795

    accuracy                           0.56     34364
   macro avg       0.53      0.50      0.51     34364
weighted avg       0.56      0.56      0.55     34364



Top Multi-Layered Perceptron, (Hyper-Parameters: {'activation': 'identity', 'hidden_layer_sizes': (30, 50), 'solver': 'adam'}, max_iter=1): Emotions:

[[1021   15   11    2   12    7    0    2    6    0    2    4    0    0
     0   44    0   30   79    0  801   24    0    0    0    1    1   26]
 [  30  726    6    0    1    0    0    0    1    0    3    1    1    2
     1    8    0   29   10    0  409    9    0    0    0    3    1    9]
 [  14   14  182   41    3    7    2    6    0    0   12   11    0    0
     3    3    0    2    6    0  714    1    0    0    0    2    6    0]
 [  19   30   57   55    9    7    4   10    2    1   27   11    0    0
     8   17    0    3   10    0 1340    9    0    0    0    9   23   12]
 [ 125   27    5   11  100   19    1    6    6    3   17    4    0    1
     2   13    0   15   41    0 1866   29    0    0    0    7    9   10]
 [  16    7    3    2    3   53    2    0    5    1   11    1    0    0
     7   15    0   11   18    0  503   31    0    0    0   13    8    3]
 [   6   18    7    2    4    0   58   25    0    0   17    2    0    0
     4    4    0    1    6    0  839    1    0    0    0    2    3    5]
 [  13   11    3    5    3    3    9  132    2    0    0    1    0    1
     3    6    0    3    5    0  971    7    0    0    0    3    4   15]
 [   7    9    0    0    2    1    0    1   85    0    0    0    0    1
     0    3    0    6   11    0  284   23    0    0    0    0    3    0]
 [  10   15    9   11    7    2    4    2    5    6   12    8    0    2
     6    3    0    1    5    0  754    2    0    0    0    9   33   10]
 [  15   34   18   13   11    5    8    4    4    1   84    5    0    0
    11   10    0    2    9    0 1270   10    0    0    0   12   11    5]
 [   3    4   27   14    0    2    1    0    0    2   10   73    0    0
    15    0    0    0    2    0  389    3    0    0    0    0    8    0]
 [   2    4   10    3    3    2    3    1    0    0    5    6    2    0
     0    0    0    0    5    0  224    0    0    0    0    8    4    4]
 [  80   13    4    2    5    2    0    7    4    0    1    1    0   33
     1    7    0   31   18    0  395    9    0    0    0    0    2   17]
 [   2    4    4    1    0    1    1    0    0    0    3    6    0    0
    95    0    0    0    2    0  213    2    0    0    0    0    3    1]
 [  71   11    0    0    4    5    0    0    3    0    2    0    0    0
     0 1067    0   47    9    0  123   18    0    0    0   17    4    2]
 [   1    2    0    0    0    1    0    0    0    2    1    0    0    0
     1    1    0    2    1    0   59    0    0    0    0    3    4    0]
 [  83   94    4    1    4    6    0    1    3    0    2    0    0    1
     0   25    0  183   55    0  402    6    0    0    0    1    1    2]
 [  58   18    1    0    3    1    0    0    2    0    0    0    0    0
     0    3    0   13  579    0  298    5    0    0    0    4    3    0]
 [   1    0    0    0    1    4    2    0    0    2    3    1    0    1
     6    1    0    1    1    0  127    1    0    0    0    2    6    0]
 [ 268  203   91   44   45   51   28   62   36    6  100   29    1    7
    23   63    0   51  112    0 9544  100    0    9    0   29   61   41]
 [  46   13    0    3    8   13    0    2   22    0    8    0    0    1
     0   13    0   12   13    0  498  268    0    0    0    4    1    3]
 [  24    3    0    0    1    1    0    0    1    0    1    0    0    0
     0    3    0    5    0    0   90    0    0    0    0    0    2    0]
 [  12   16    5    8    2    4    3    4    1    0   15    2    0    0
     1    3    0    0    8    0  827    7    0   10    0    7    5   17]
 [  10    0    0    0    1    8    0    0    1    0    0    0    0    0
     1   17    0   12    1    0  104    3    0    0    0    0    1    0]
 [   2    7    1    1    2    3    0    0    3    0    4    0    0    0
     1    2    0    0    1    0  117    2    0    0    0  138   19    0]
 [   3    5    3    3    3    4    0    2    3    4    8    5    0    0
     5    2    0    3    3    0  483    9    0    0    0   52  163    3]
 [  32    7    8    1    1    0    1   17    1    0    5    0    0    4
     1    5    0    1    6    0  450    3    0    0    0    1    3  119]]

                precision    recall  f1-score   support

    admiration       0.52      0.49      0.50      2088
     amusement       0.55      0.58      0.57      1250
         anger       0.40      0.18      0.24      1029
     annoyance       0.25      0.03      0.06      1663
      approval       0.42      0.04      0.08      2317
        caring       0.25      0.07      0.11       713
     confusion       0.46      0.06      0.10      1004
     curiosity       0.46      0.11      0.18      1200
        desire       0.43      0.19      0.27       436
disappointment       0.21      0.01      0.01       916
   disapproval       0.24      0.05      0.09      1542
       disgust       0.43      0.13      0.20       553
 embarrassment       0.50      0.01      0.01       286
    excitement       0.61      0.05      0.10       632
          fear       0.49      0.28      0.36       338
     gratitude       0.80      0.77      0.78      1383
         grief       0.00      0.00      0.00        78
           joy       0.39      0.21      0.27       874
          love       0.57      0.59      0.58       988
   nervousness       0.00      0.00      0.00       160
       neutral       0.40      0.87      0.54     11004
      optimism       0.46      0.29      0.35       928
         pride       0.00      0.00      0.00       131
   realization       0.53      0.01      0.02       957
        relief       0.00      0.00      0.00       159
       remorse       0.42      0.46      0.44       303
       sadness       0.42      0.21      0.28       766
      surprise       0.39      0.18      0.25       666

      accuracy                           0.43     34364
     macro avg       0.38      0.21      0.23     34364
  weighted avg       0.42      0.43      0.35     34364



Top Multi-Layered Perceptron, (Hyper-Parameters: {'activation': 'relu', 'hidden_layer_sizes': (30, 50), 'solver': 'adam'}, max_iter=1): Sentiments:

[[ 742  584 1853  654]
 [ 216 4139 2432  910]
 [ 435 1921 6401 2282]
 [ 224  975 2548 8048]]

              precision    recall  f1-score   support

   ambiguous       0.46      0.19      0.27      3833
    negative       0.54      0.54      0.54      7697
     neutral       0.48      0.58      0.53     11039
    positive       0.68      0.68      0.68     11795

    accuracy                           0.56     34364
   macro avg       0.54      0.50      0.50     34364
weighted avg       0.56      0.56      0.55     34364



